non euclidean
100
-19.0309455013 -23.3787768664
-94.2530214477 30.089276531
-70.2359736708 -6.46971380691
-54.1189953911 -40.4205875545
95.5834008252 12.4842459672
-2.17085934661 -21.1511986508
-53.8795316901 25.0784399198
-65.4066562206 -87.167269703
7.30505133258 -53.4108629904
-26.7730654584 98.535659409
0.390934399343 20.4430063867
-7.08991830909 31.4757848672
74.1680143891 -55.8868807468
21.6006776917 3.05284454917
85.4034611604 43.226285653
14.9149384796 30.8324428302
-36.1707534781 -93.3175078995
-32.2673365774 -76.7123451222
72.13861772 47.0093901821
-73.8766237911 -62.3654349844
-21.1746321754 -1.5721460661
-60.0506087833 13.684814608
0.0496342492246 3.32791109985
6.37272092807 42.6155232649
78.6856438185 -73.1427734626
50.5147501727 58.9346118059
-40.4593324361 -83.5227218092
48.5041853983 -66.9691662002
-91.6180089242 91.9162261406
-80.6016309596 91.400770936
-37.6312394669 63.8818662721
-40.7842941499 -37.7415810902
-12.232244016 -28.7236060393
91.3804834386 42.783529602
-74.4255841166 48.3306187148
-20.0700199674 68.9598167314
30.7752932038 -60.8355948793
-49.0200024248 85.9468068327
-29.9647747924 -20.9344305602
98.9699785078 -46.0528338132
-79.2453390889 -74.9128374078
5.00250684885 91.7016715189
-66.7610160852 -47.5568071385
45.6122286754 30.9271051819
-93.0781612095 -14.9665053121
-74.8600610022 -10.6601609993
-79.5146315851 5.08252903933
88.5449053677 -63.7679100973
3.27507545743 -35.5614215018
-11.8118262211 -21.3965584579
38.2940671462 6.73101068877
25.9318742482 43.660476535
90.1650571472 85.8243612073
-47.9349074948 -82.7744151664
77.7357014853 76.1771281626
-70.6282274264 -26.1859273953
38.753557573 -6.67399735153
73.0582636856 30.2212653464
-86.2669145847 -34.9820813476
51.9172557851 -30.0455794623
-24.5805839491 23.3965518387
-1.84692795732 76.5630891706
-87.992837291 63.9014253232
-3.49500786555 60.6612916911
-57.6563531673 55.8515517958
-9.24924786503 32.4192374099
-98.8841077352 6.05616726385
41.709105842 -16.5841035608
12.438631289 72.9516433145
-66.1438373661 87.5490358415
-23.4716064014 -54.7051880962
98.8079452816 -28.7241863027
-78.8349936934 66.8166681518
-62.8438213281 -30.9248404596
-47.278573927 -36.130442024
-5.31909496032 -62.0823101001
24.904180942 10.2966784059
48.8901134009 3.22217957938
9.92637816956 82.2906091926
-48.8909464852 -91.9606365353
-89.8126570387 -47.675711237
75.7181213673 80.2486774034
87.8940527619 -29.7037478836
-52.1515699498 -3.74451058505
-65.2683796968 -44.0065339303
52.9883504258 -32.5431591874
39.7229758229 33.7675489713
-39.2012159458 -36.9523437797
-18.504884143 -4.83477820824
-62.080761031 58.250730749
-53.43293516 27.0128070385
54.4053866683 -26.8132480965
-37.3447711044 -95.6916377797
-26.7800304633 -44.9463221196
81.0055872757 -23.8915041473
-59.9536127518 -82.8333537476
30.5182641643 5.78347779613
98.2464447533 -33.9843190043
42.2401380461 -47.5667036833
49.3843371769 -10.8057840227
0.0 78.4655192071 132.931976932 109.139019102 89.2793210125 133.074219385 109.275674213 59.4026914631 86.2194035843 107.754257866 57.1896776123 148.064585598 97.9942970997 131.065704941 122.602820369 73.8364569644 115.346409339 133.275340379 59.493464173 105.178575626 131.742217503 99.2591526406 86.69948143 105.693794772 55.4357064461 87.6445586288 77.9740258116 83.1516228615 59.7043799148 86.9733943675 71.6356839883 124.971934283 83.5875181784 77.8453170798 108.618045626 96.7428689824 142.983210364 92.8109652726 107.960500784 51.6897674241 139.280985288 93.5015237215 97.2009279707 128.828491721 148.211553306 99.6670406606 65.6456376511 108.878250625 54.0668160898 113.948788994 100.023083425 136.912036605 71.7058918153 50.7271655965 122.738259542 80.6376503228 92.9905093518 63.7118498551 116.893692849 122.545065099 144.4268201 65.1481708546 85.1133393749 68.6597248904 61.3755503555 55.0271756308 75.0311914801 87.533301013 118.921287645 112.504744304 100.353742963 133.073149437 130.813934292 70.2134180619 94.9821739515 110.897635358 115.656993445 50.4997953874 109.986950851 56.3885158046 127.530767163 101.94381487 120.765521331 77.5904170041 143.618735255 107.619605315 105.88210439 82.5035204072 121.692990148 99.7812781198 97.5363137853 146.584234867 102.22480013 139.419889764 107.744133284 81.2087232647 58.1641193335 138.96246228 149.587460264 103.830460122
78.4655192071 0.0 127.384517737 76.8657934156 130.82797416 129.791184644 125.201832748 70.7677696541 66.6926234197 79.6917754837 142.759341253 108.643502772 95.0931911356 135.217072656 138.413501349 85.7095989334 134.656580265 78.6938519286 137.133416435 106.849318203 144.594557771 65.1063170717 98.9434196521 106.008899138 75.6969037173 84.7025766973 107.66789468 140.347589692 95.5221577783 73.4951469711 100.563817003 100.784696307 96.525532264 51.8317444838 99.4884113052 136.069644352 119.49902298 60.5328315416 118.453623819 92.6287399957 101.469867871 114.38245659 52.9467069503 115.326798373 67.9323065261 80.5333668839 79.4543983854 85.5308893342 80.905352273 143.858517712 97.1520446172 142.78945089 61.8921037234 106.903693489 89.0945565033 94.3647011479 55.7116395397 86.0264414239 75.5523131345 58.6712418367 121.825911354 98.6233670487 119.200016387 59.6511676656 143.624162087 60.4448673237 95.6007997939 104.702613357 61.8396874944 93.9045299268 88.3853737786 88.5816771986 127.323522771 75.1952884182 145.057248109 84.4286691059 103.798904415 60.8659023231 95.0419214838 67.6490042949 89.3073973274 105.004521125 62.9204951905 145.806065372 136.028800178 92.1364822964 80.8545545996 72.0776333141 106.095032753 136.810486819 129.637098952 108.78515759 74.2628396112 113.16911969 146.287392108 72.1341042712 56.8293094351 115.065790099 91.4155805016 121.064000814
132.931976932 127.384517737 0.0 135.86385089 112.104019469 69.8399640247 83.87124852 139.570628952 135.704962519 91.01701793 90.0054238388 85.0970683855 143.264784006 108.579238724 143.341028175 122.590265208 73.0284975259 103.858641702 70.8694891558 81.3091823308 61.3809324917 141.364048772 61.1993141532 60.8671338271 76.2957115278 88.7278209505 61.912871884 107.937171828 126.343659142 86.0227028433 91.0661299638 118.182736229 86.8773000283 136.093123516 105.478408652 141.738361992 100.661852281 91.210283392 131.84339134 65.8027451493 69.1640201562 74.1264100805 65.4329433237 51.0356142885 147.921023284 67.6982686236 51.4757165179 75.8311484246 134.308743602 57.5052622127 94.9810428615 62.7259249464 146.194638402 118.043578684 126.334094471 59.8773529401 102.718887951 138.524878771 70.6255298484 119.41331398 132.253795503 98.9030576378 141.941075719 85.8087591123 55.8193696781 69.6335484858 131.788814627 143.162539334 59.129995553 65.3007719865 96.9627564944 70.5002023032 93.7625931888 89.7531454604 140.465836661 124.365724282 144.698914548 140.175891435 118.782707498 106.500592579 113.74586756 117.160422258 69.4957409583 149.508652262 110.636486541 122.541802683 66.4993495441 134.801130302 84.3904166537 61.0278676397 71.190915254 55.0281546691 122.729838697 136.325236098 93.4504775071 71.0019790755 91.7912701427 62.2713853511 95.8808521881 79.2218617201
109.139019102 76.8657934156 135.86385089 0.0 126.524294547 148.566561117 55.5024132274 87.4019167893 81.6399762835 63.7638528962 99.7455237519 77.9221736452 63.5656421365 103.824303856 130.104432299 107.745417988 78.1482569578 119.239146616 87.6663439393 83.6761893875 72.4539335052 93.0142834229 63.6399618652 92.9102850645 62.8587384567 65.6368693188 126.470886885 66.3084757442 116.196851746 112.28076173 98.3066685298 81.5237023583 144.409830403 56.3546535247 138.906184119 101.030220931 142.872337081 68.494571146 127.036829761 72.9268350573 73.8003482446 127.44488668 75.5819136009 97.2914112887 64.9272777096 75.036982973 106.867676475 78.9918818832 66.8316371825 90.2150711914 133.154605374 97.7266364859 140.409274899 149.496132985 74.0459423373 148.176142603 102.89170351 105.482663147 96.9387712919 132.708486215 83.8005107886 82.8347662489 58.9849286152 97.6634744661 141.215631976 70.9814438065 101.439372488 50.825822504 50.3696128941 71.6234962533 112.20715043 111.658180537 100.798679879 104.479268856 136.330397082 76.5777963025 56.606434621 127.122068972 64.6471838977 74.6227813508 98.2064034272 126.808100427 118.94235669 142.82163546 79.1481918606 98.6450082756 60.7015663932 113.82169704 72.7667991314 132.54681533 78.6554341557 136.541234325 147.271221155 145.173622246 86.2473474528 52.2424712264 61.2282638661 114.189437219 87.5838328697 59.536545623
89.2793210125 130.82797416 112.104019469 126.524294547 0.0 82.4656104694 120.861481881 126.650768396 98.9081188711 64.6567857426 101.482392884 79.1904172813 136.142570894 76.1082325753 63.4983761001 125.192671871 144.232772591 69.8410871552 109.967652653 95.0551516248 110.555471867 124.758178604 96.3097557719 64.5980842656 130.094038038 51.8424693294 54.5356410816 76.2346103506 143.101264777 56.3058452587 56.0173930953 54.7419343779 59.1437222079 94.0549708084 96.7510753531 130.221280404 104.774390686 60.2356173827 138.867001235 96.4447869766 130.565907634 105.147268092 121.000885483 84.8388587974 78.5536016837 78.0132462923 86.2335796038 144.634182336 65.5998705076 117.607100176 70.0632761064 84.8305452518 138.766038803 81.0664198908 90.7019457931 61.5776270097 53.8297198446 118.602753097 118.284573352 76.2261965873 122.600880177 93.3224819768 143.602489533 132.341457563 51.3456741628 139.913485705 131.249528894 91.0623468203 120.194010399 145.950520316 130.382151124 53.3064481772 117.890844559 146.397907133 50.6494104042 134.576842657 69.2773609351 131.26758692 98.8901358268 56.2172069475 84.0847535364 103.387123522 127.408402326 119.255959008 102.613513314 135.151291065 122.185270341 57.0918191624 113.968603825 56.6917780467 119.971509818 130.782490378 112.895164342 116.159597894 72.1614843869 93.5457044622 85.2111749622 94.419179827 63.877175289 84.0608371606
133.074219385 129.791184644 69.8399640247 148.566561117 82.4656104694 0.0 94.9469970103 92.2769696609 63.1794369791 107.580088207 72.309230168 73.6866952381 66.2617467397 110.768992596 129.460488716 148.768727411 80.05996715 86.9627967433 118.815900878 54.8698464336 100.378246971 115.64202548 121.349549304 104.203122243 116.348249332 147.422834997 111.310826117 81.2978769081 132.157919695 115.865911231 84.8878079129 136.383079638 66.0708784218 64.8429713263 143.367159203 149.917926549 52.4505965794 115.91215691 103.566597671 107.477161524 132.261385951 87.8243836522 108.639708547 77.0875525593 80.0316678631 75.5971758252 95.377085119 76.585698045 108.968765953 96.359934867 115.921776067 115.322933755 148.784254545 122.157173034 125.490826915 137.496951022 56.3757987952 120.805575045 133.553169599 118.269821767 84.4090036462 121.108648825 85.0555974904 99.5815088304 138.112909074 110.536776793 65.5270620593 127.038630926 98.6544608682 126.25035647 80.4651290441 113.139573755 75.7983886013 115.05758546 134.28231565 85.0148251909 110.214156683 114.699468011 147.203427478 105.767304692 144.80185592 82.3437857117 82.2347464935 133.318120354 79.5841749333 99.6335951138 132.063256071 126.110643018 115.999949804 131.286761776 114.746633372 83.3120323142 98.8411883336 118.536509248 134.913809962 73.6226226501 58.3365654818 115.4705998 80.4699258697 67.2763368263
109.275674213 125.201832748 83.87124852 55.5024132274 120.861481881 94.9469970103 0.0 70.7105745739 105.448143845 58.0549809649 64.303170841 116.497829566 61.818494089 149.491948605 111.305908133 93.0433599555 83.556814021 86.8869628154 107.273416052 103.543651406 133.792621747 125.900847863 85.3478192452 108.843295014 137.134358888 106.568562157 56.0047436161 76.3769715026 91.4598241549 70.2530412216 107.748734723 75.84867565 74.7706660961 142.354197502 80.1462967481 59.036290049 80.9633894947 123.542501215 131.59689384 91.1544241514 149.595643864 82.0167827783 126.19702371 95.5580214504 63.5625827381 69.4437303984 108.599131952 70.3341914043 73.1814632699 56.52303478 147.52635385 100.657324535 126.353703483 113.209869279 96.7640366453 68.1251836839 129.798181526 118.44007214 126.636283326 126.415802836 95.143017433 146.208098801 140.015167416 147.659574978 94.2557796181 65.3326764746 95.2143668812 126.769161226 126.026434004 83.9876934583 100.968971134 58.6092236101 62.5213405591 100.997879639 86.1127248237 109.579053262 97.7901974231 119.387024776 126.40079727 97.1537826896 60.956613073 140.237028753 100.560416959 114.354618042 75.3483452822 141.256161101 127.319261321 62.6452872802 56.8045739201 120.414634636 53.6395456364 122.00150294 58.3601468331 112.576862868 109.739162388 73.4812961607 54.7739824346 143.053160347 98.2586831463 70.6826375003
59.4026914631 70.7677696541 139.570628952 87.4019167893 126.650768396 92.2769696609 70.7105745739 0.0 81.0537251471 61.8254340593 69.9203103805 122.606937505 110.434335843 127.883718048 76.8963178207 96.8879892194 134.993128685 129.9361075 54.1370026085 135.420090095 85.5616607921 58.9268509362 138.64164752 137.532695386 90.9318730489 103.616225549 83.2205218818 100.15140967 61.8482932888 54.3672346349 82.8218599006 56.3792105752 77.4971307933 122.25632981 84.4674640996 59.2469301559 65.9146381589 62.8031603012 60.7414943117 145.832796071 95.300531895 86.2103673636 118.179797045 148.032844396 99.2703507922 50.9581925381 105.817838733 136.071051678 97.8446095169 123.981649215 88.2179882724 96.9326092312 133.801596898 65.7270596277 88.6036899894 86.2314707687 59.2356441202 146.066445725 145.866025281 67.760975437 149.848058126 84.8929500924 140.07974872 117.947612904 90.313163184 133.919477601 108.630905847 111.83775383 88.4206369745 51.5876969876 134.747683763 127.904598148 147.065821575 120.106327721 59.4918334852 145.20872431 107.834626583 95.6205290972 75.126144995 108.860123936 99.4281707442 129.235082126 62.3176338616 90.6521659424 52.3582440446 94.63538551 124.274453603 67.5088744648 140.639132452 101.765166886 80.9041669501 93.3977026081 102.73562215 124.773776108 147.546412917 106.480005445 71.9235232896 93.1272083455 103.295164457 107.274022832
86.2194035843 66.6926234197 135.704962519 81.6399762835 98.9081188711 63.1794369791 105.448143845 81.0537251471 0.0 133.041322639 96.5181737899 95.467931139 147.451752205 94.796909632 56.7584562239 147.194355367 58.9254148228 72.9124557729 80.1479059138 142.223897496 76.9107622036 99.6485775149 84.4014629186 88.49574405 50.5952940695 107.642960513 73.5763341892 61.656453407 66.5441687654 53.0741513926 80.7271059167 68.5941314355 133.611753314 76.279100014 97.5648964965 86.5765124992 78.5407628673 126.547733309 66.7618970257 74.2233119521 76.0073021927 149.73941073 98.5756540119 118.897306955 132.162635311 117.469173108 132.686714813 99.7842200559 116.599694217 123.978550782 134.917433974 87.7529478988 63.606497955 80.9122454509 74.2389351888 87.6984650921 87.0251495471 104.172418286 143.411670261 119.711230405 72.7209317419 109.975043693 97.7041868905 104.106169895 118.035856318 83.6482179632 118.433337988 103.725175059 110.967099242 80.005115936 114.459404642 119.334650494 129.714584862 145.263196829 79.7726962396 75.9879190245 108.510408992 120.86420506 146.500311929 120.902394242 143.806193304 107.402764581 81.1009291259 90.724157939 77.5619827071 125.872893892 120.337976559 68.6707698779 142.240845614 135.544799993 72.4068111554 146.145203567 68.7838804278 74.4039762437 104.65011205 120.919996995 122.18348357 146.58627009 56.1671077436 81.0035552281
107.754257866 79.6917754837 91.01701793 63.7638528962 64.6567857426 107.580088207 58.0549809649 61.8254340593 133.041322639 0.0 118.228442492 111.250290256 126.092157177 110.051418556 144.600479803 104.527289473 145.13918643 96.0542847541 52.0685411479 82.6301600547 83.4336564131 100.313739919 81.0283230356 56.2198148096 104.095973255 90.0855209941 145.218425703 137.445731194 117.959999547 118.306079433 148.44010711 88.8506464287 95.6490707112 82.0738735021 101.465377503 119.291102604 121.74360118 99.4519420238 113.3887164 110.357880955 127.607642904 52.6859902491 84.0760274795 116.314930789 50.8059850211 119.763243983 63.0699515882 76.775642133 50.6580015014 91.2236115862 128.425217467 102.022572567 62.5489126732 76.8207626547 127.372857344 127.447409176 66.5268022914 84.7869537269 113.324228505 136.799422365 117.697782944 124.039681031 103.004671997 97.7577654434 93.1392443452 107.788333703 81.6979846846 78.4917870844 103.586091336 98.161468776 92.7509788366 69.8591822397 76.6678428788 139.971347272 126.976808493 65.5226199706 60.6930475256 52.6950582046 69.6224892399 80.5169559626 136.725972738 81.3180555648 145.86141846 118.742559033 129.290982851 92.1245533356 139.073596584 102.34943886 88.4025431042 125.574101622 87.6611555941 96.829648961 125.166732404 105.289781422 54.7340920238 107.912379946 102.695892707 56.3450194182 80.9193728105 84.0781091199
57.1896776123 142.759341253 90.0054238388 99.7455237519 101.482392884 72.309230168 64.303170841 69.9203103805 96.5181737899 118.228442492 0.0 101.431202607 84.480032792 132.120712306 142.710914016 101.659303334 114.136575236 115.577407369 50.1818400126 82.4342911953 131.506193443 133.343302887 86.7513957496 117.716953033 64.7327572193 94.7523824555 81.4721421036 121.169678058 92.2926694334 88.8740334232 69.7007813092 128.345266738 113.630804434 117.344978093 125.432648315 149.862853438 128.312736056 111.753313547 75.4085636804 123.110118269 137.352118001 120.282391532 82.8561724383 146.435674095 121.990521146 113.6497952 80.5632528745 138.540127828 98.9472489805 65.9125220568 142.338032338 54.6667531818 70.0178662309 93.9088476202 81.1627647687 109.583122141 145.442103845 62.9514164128 126.823251519 135.369561679 145.968697203 106.959476074 101.169026077 141.991656482 110.044143126 117.14074183 59.5656703417 107.710032815 139.560211923 83.6533902209 138.497720444 123.164461781 141.958613193 118.627008452 144.262564355 65.9656732901 142.050316184 63.0485911661 148.99836085 109.452969243 120.988054663 139.944089478 65.0633329921 50.997300921 58.8078553322 111.739470232 57.0787328523 79.3021680132 95.4180506748 83.8607885648 112.171788997 121.475406042 117.687313816 146.860920444 103.890609602 64.2550627557 66.228577243 116.592900926 75.8641016318 67.5622845162
148.064585598 108.643502772 85.0970683855 77.9221736452 79.1904172813 73.6866952381 116.497829566 122.606937505 95.467931139 111.250290256 101.431202607 0.0 125.220570725 109.488475597 138.402841862 147.843959902 53.5781601032 75.6339033269 50.1932635414 88.1944684274 96.7342730835 56.3322392447 97.5533638664 63.2770074527 71.6007090766 81.0141656213 120.224785512 112.771699964 127.293688168 88.5781251474 79.3340198636 121.433287766 81.2004071012 123.366839209 146.855620466 89.1449207348 137.466215019 106.049159724 80.6299895038 114.261960216 115.212388657 108.242809534 97.8887769174 61.3133322992 59.5754964965 117.292369594 58.4688599056 72.7328304735 125.742940457 50.1965033317 138.938188802 112.471159967 52.3805130685 75.0866473011 93.9201795691 69.9181240494 96.3657476812 128.302218955 112.604387338 75.8142781206 75.9188949843 76.1498418679 129.414232416 68.8115125302 81.0624245837 122.059944231 117.120412171 86.562004083 62.3366436442 137.109828348 52.8169712228 88.7933196613 130.838500739 91.5181645983 139.687421395 109.126593618 78.3242363554 56.3212814653 109.063276808 124.191314583 91.6369810519 135.036516246 78.3278141384 131.465786622 74.340177926 127.254992483 108.716200038 81.680645047 94.275717303 91.1818843404 138.669623453 130.422154101 65.8174334545 143.6123739 53.6322998699 133.461838748 124.633725668 146.094451306 141.032447368 128.374285727
97.9942970997 95.0931911356 143.264784006 63.5656421365 136.142570894 66.2617467397 61.818494089 110.434335843 147.451752205 126.092157177 84.480032792 125.220570725 0.0 57.1262799928 95.6373748485 131.201709633 69.2878289182 103.883184145 123.257693543 131.959251801 131.529345452 94.7069165301 66.215705105 126.549132748 101.260741483 79.1825740066 116.097970452 119.452305457 53.3104729644 52.3518510723 149.033792745 78.3432123599 92.1533254631 84.1387262989 116.198251267 57.7836189331 122.090971299 78.2971156772 82.5468550654 131.108808024 74.9021806824 106.325678541 89.4932978956 50.2098178198 101.801559204 139.541145145 55.481746321 132.053156901 60.3503650125 103.354737128 57.6031010057 114.951480558 50.1625205474 138.883809527 91.8638236228 106.660541424 56.9381201298 113.554425013 122.206437728 148.947424975 54.5632143822 129.967342536 102.585231751 53.0771600894 146.458345723 50.4852784062 68.2302494307 144.072259809 80.6196263249 107.330666497 72.3024966011 73.2429061139 140.861536547 142.522220647 96.9723249174 91.4395706263 74.130800871 132.172850392 96.2443286051 123.314649366 82.5985077388 111.002598755 109.911314951 99.9252310781 78.5933581284 133.208487195 59.907399582 54.0262672922 53.0204357914 113.52674399 130.634849065 93.0311673218 113.462490639 65.4168709429 105.483869441 136.652211347 124.996185774 68.9646015388 127.853145649 122.1877899
131.065704941 135.217072656 108.579238724 103.824303856 76.1082325753 110.768992596 149.491948605 127.883718048 94.796909632 110.051418556 132.120712306 109.488475597 57.1262799928 0.0 63.375900956 78.7297313297 66.8986136289 126.033466262 79.3156142372 93.2443141374 113.813666834 90.5194871588 65.6969510985 58.3574960932 142.036054411 79.9821267913 79.8296795005 78.7838392931 80.7884564318 68.319326203 108.752072154 117.531620022 117.682994768 149.879535996 101.282656917 91.3449737965 78.7906183784 122.650835799 128.285411406 136.664673105 145.305557324 100.341946022 74.565038004 104.646854523 129.822205148 143.973780459 56.6241970662 106.958032895 132.840738403 89.033475304 90.4726191949 82.1061931994 109.921837125 124.166873562 107.76292764 128.683124696 66.854015576 127.318557377 122.218346708 92.3524501745 140.273677087 54.2260886173 132.047904125 89.2954213053 131.098457254 92.1613356134 94.2463076207 69.7047384144 120.660879466 101.973727709 91.6670873534 75.8666257917 65.1921272315 108.703219795 104.927480527 69.6763223598 51.0688274762 84.3004474723 55.6036995241 93.7440148576 122.499435461 124.250026215 90.6297268484 88.4053120563 133.498254 125.259657662 121.442655174 95.0931576402 89.5335747036 70.5766939722 96.2740317464 88.3692878655 77.1867616591 135.901592801 142.685921374 74.4473540347 120.474940711 89.4398706646 58.9420957179 117.863184473
122.602820369 138.413501349 143.341028175 130.104432299 63.4983761001 129.460488716 111.305908133 76.8963178207 56.7584562239 144.600479803 142.710914016 138.402841862 95.6373748485 63.375900956 0.0 77.5565027741 120.873508242 103.133798679 129.690681647 108.51077697 103.33854199 124.089509714 75.3610776841 65.2482427049 135.610651406 144.946552579 77.5137964532 102.656273302 95.7854982358 138.774516479 79.7321395292 73.2784364576 144.991404283 60.1193717807 142.082455946 105.10473145 128.742131913 127.319122912 77.5875968349 127.731252103 106.625490262 109.843736765 121.663924387 61.6472086657 68.5908438356 149.371440619 142.632947486 134.937977487 110.85917867 95.5386310332 51.597221506 70.8092439842 147.592661112 140.210422686 102.365095263 100.600384344 90.4949300466 102.540273457 71.2941137264 103.289857348 57.4243778962 97.1268569646 60.7423035912 53.3754175119 68.0358362405 116.443383971 123.880032682 88.695379234 117.891337382 133.210818019 69.7440474161 124.051586288 135.08724917 145.466936491 127.137388986 64.5571332049 146.897830124 98.7317206944 116.817134615 126.967463238 101.1810439 76.7615383444 68.5192009024 106.557438058 137.354687808 118.808438913 112.578834561 117.820718174 54.746969827 124.007420181 97.1258951445 146.743291452 70.4108951731 104.848109916 148.371490728 51.6252065361 78.498130382 132.996896743 97.8912414699 86.5607012429
73.8364569644 85.7095989334 122.590265208 107.745417988 125.192671871 148.768727411 93.0433599555 96.8879892194 147.194355367 104.527289473 101.659303334 147.843959902 131.201709633 78.7297313297 77.5565027741 0.0 107.185032685 95.1714090463 149.240612131 109.398965674 82.075664398 98.1305667265 122.774027767 87.2422764569 123.553018668 97.4161471481 77.4990179203 66.7483587836 131.079115744 81.5600103076 62.7121498812 139.619232421 69.9493353559 145.846242595 71.6796757188 138.517321576 112.560472717 94.0593059254 122.414939001 147.02918742 59.7032473685 60.7697041633 123.889218989 147.236838036 89.7498795241 75.7581462081 98.3247915849 68.3087098987 54.6277929876 85.9433828888 71.7449111188 118.479471042 118.11435411 116.732806974 73.7648533095 78.3480091756 84.5398519685 85.9016731207 50.9031745581 124.790571984 119.818105089 100.048253809 114.798626156 61.4121778285 109.068768757 113.676546838 69.5316363603 128.038917118 137.672201826 130.878207042 133.060289127 50.7737086052 127.611107249 93.5873883646 116.725685574 51.278221742 61.9462272426 102.550369425 129.824460796 125.710816294 57.8749083192 93.4526928873 97.4607274053 100.231479623 65.9876060129 94.3403099882 139.503284648 83.4701430689 62.762169166 143.83251306 113.767093592 84.175557501 127.330917761 96.2675787156 65.1349519769 69.7487185052 80.8277133581 51.0685133087 87.1683064067 68.1520733873
115.346409339 134.656580265 73.0284975259 78.1482569578 144.232772591 80.05996715 83.556814021 134.993128685 58.9254148228 145.13918643 114.136575236 53.5781601032 69.2878289182 66.8986136289 120.873508242 107.185032685 0.0 54.6376199946 130.886255138 83.2013894291 113.371780369 133.308290854 89.7182627523 75.0991756026 52.8712886007 101.590864805 95.4307652433 127.551208785 116.711703098 90.8715674407 148.702735789 63.7298146097 129.289733982 80.8823816357 109.835052225 74.7851268648 73.6745229767 138.131313871 126.183455427 135.926442764 119.753706781 67.0857874458 121.808852252 70.8134565072 139.167937046 142.980319175 130.702626009 111.199445517 57.4261806972 80.9595132379 73.2723651731 71.3437518547 137.062627228 140.031427268 81.3104681046 106.648150508 83.8343726759 66.7369236872 69.8428326857 126.885065903 139.46183314 72.3048162518 117.885843102 53.0634097379 142.829937994 50.4210818798 119.115201707 53.6417098829 83.3845886144 109.875813324 55.6276142944 119.241134621 68.8898977167 87.1732374621 146.457717379 99.0019532173 70.8734801496 146.312864847 106.424985605 126.591287575 59.5775059657 63.1533409317 56.9230659286 70.121940437 148.386679726 105.068611595 133.896040185 115.720315935 143.139350956 110.673600771 93.5665744497 62.3094464304 73.3929518678 119.91456459 64.5899803211 107.393744026 80.9699073973 107.722032329 89.3806829414 122.75323071
133.275340379 78.6938519286 103.858641702 119.239146616 69.8410871552 86.9627967433 86.8869628154 129.9361075 72.9124557729 96.0542847541 115.577407369 75.6339033269 103.883184145 126.033466262 103.133798679 95.1714090463 54.6376199946 0.0 81.6738464435 51.5819075025 70.9913503015 88.4601104199 75.0792101679 67.1012635615 51.7268991037 82.2568621734 57.216969237 145.628035391 63.1295977307 88.0157451408 57.9588391096 54.5161280226 105.601955538 107.032569097 93.6864243785 70.6185377643 142.262509742 74.5817930441 64.0722797349 128.479472176 107.399508683 94.9560443163 145.872657769 105.844151347 119.396545397 104.458856217 87.5952923056 77.903310552 86.6638923572 89.3210084617 51.7241267487 52.3296325486 115.535420413 119.170213874 137.322647269 80.0543513897 81.3080179343 129.938869938 71.9850997774 67.811839073 91.8784664549 52.4391362098 63.3680104646 141.622217663 81.6693960733 70.169716937 144.522007183 114.638692774 86.3429371131 64.0113886379 109.049465088 110.433971779 148.536451535 65.6462548845 126.184993358 147.928829716 87.451972308 74.4261117793 81.2912234667 82.2786026065 72.9763966124 115.770301166 80.922515943 50.7844461707 141.984192453 144.901844608 131.438832542 50.4864250898 86.5742103533 75.2868871272 135.08395854 58.2994427884 109.947325112 54.0092022775 110.415140397 133.871453411 144.738457329 79.7566160836 70.101467714 124.041894369
59.493464173 137.133416435 70.8694891558 87.6663439393 109.967652653 118.815900878 107.273416052 54.1370026085 80.1479059138 52.0685411479 50.1818400126 50.1932635414 123.257693543 79.3156142372 129.690681647 149.240612131 130.886255138 81.6738464435 0.0 135.137413115 131.696325455 60.9915452195 62.0771024868 125.212147821 146.249478358 100.242602719 130.68232817 58.4938489324 121.168952662 121.943307658 100.438801383 109.283597405 122.921472188 87.718966808 120.704685059 122.336560814 79.7319447374 147.365363089 127.168924262 66.1163577385 107.362168465 65.2809107731 137.482116243 60.5208885196 147.03627808 107.556655214 83.6675162177 134.46510417 104.9073901 56.0338247677 140.805097821 60.7905132634 71.3791318255 123.864896418 81.9789619783 71.3761539354 148.275572927 143.711908127 92.0014011075 117.93870738 123.056858183 74.7635854189 144.770098155 108.800886979 119.796884841 78.8699202527 100.90987226 83.8455009397 105.43016888 90.6945311787 136.517398157 123.896554528 129.264291332 76.5134546793 108.984687663 67.5723642788 136.698426031 53.46642967 104.464650114 105.834562936 78.2825632194 126.51814558 131.783299534 111.832511483 137.827262801 122.96116082 117.81111766 52.5145542554 95.3400325406 132.862459498 141.178953093 133.735521177 59.2216875321 122.247568227 86.1061219486 61.1631729848 128.499116936 90.3578016578 143.814757812 77.0625325212
105.178575626 106.849318203 81.3091823308 83.6761893875 95.0551516248 54.8698464336 103.543651406 135.420090095 142.223897496 82.6301600547 82.4342911953 88.1944684274 131.959251801 93.2443141374 108.51077697 109.398965674 83.2013894291 51.5819075025 135.137413115 0.0 101.066068539 56.600636247 130.072141678 134.13566078 147.274969657 62.2445932241 104.040578188 73.8705575358 100.378064259 110.77981215 109.422053007 92.0043282775 58.8873208371 147.285384812 115.794238662 146.191288542 79.0127709841 134.692094219 51.0260972448 135.229124167 105.241650995 52.2597883331 98.4152114818 120.365620233 135.859062097 88.5705254194 99.3744732098 91.7339214948 92.9971373618 60.0122589428 76.5324205581 114.101319931 79.9276413953 52.9423167982 72.4171661135 67.0717766688 147.745101896 104.999811766 137.360495256 66.8934086586 105.001479141 127.261301868 128.321448694 148.626516343 87.4435043517 70.0720922848 106.582128171 81.9844364137 67.5829308272 53.8627353592 112.011265695 74.9425254097 80.6992346049 137.698066039 93.6805676883 72.1421144052 58.698265372 104.466225742 94.6301896933 60.2868861957 53.3253036742 79.4197524876 85.0943286618 50.4494940105 136.359991283 124.071770437 96.2392299441 115.765207053 55.8816571685 86.0926374666 66.4336617665 52.4694691325 116.182204704 61.280631683 136.342635747 76.0381111573 121.651380089 139.44596471 79.8268557864 119.124400627
131.742217503 144.594557771 61.3809324917 72.4539335052 110.555471867 100.378246971 133.792621747 85.5616607921 76.9107622036 83.4336564131 131.506193443 96.7342730835 131.529345452 113.813666834 103.33854199 82.075664398 113.371780369 70.9913503015 131.696325455 101.066068539 0.0 113.127446665 126.561645729 127.847307729 55.0420988896 57.47106145 137.684573362 93.2533339254 67.0000427892 104.793614336 96.2233832623 141.488335265 86.1847103941 117.70336026 113.328583243 58.1410622492 147.480893974 132.665606524 123.07886867 141.361759255 149.286002868 80.8923138019 79.3600411537 53.6524861373 115.972232875 102.95954851 72.6574819261 85.7765987067 141.511295485 63.8132237714 98.0191314966 118.424043729 138.421164117 106.06093179 144.35267777 144.974733942 119.004065115 143.727987028 93.2006113131 138.238846999 112.760763638 67.6587345993 96.382337208 89.6222282064 80.0802871167 128.044190537 96.3547486646 126.144323751 81.3307244641 127.686526324 90.1748570995 146.081253267 62.8733633676 113.578323396 147.769875543 53.4694988147 50.046408668 100.197490879 84.997420598 84.8049586883 101.879046845 134.664950576 67.4604157006 61.6208097447 87.2431398988 103.685922158 58.4181181705 145.574806992 121.24363589 88.6961241607 132.065559492 141.46461047 83.8996221299 131.008527804 105.951465894 79.8027608186 103.588609926 94.8684778704 84.9576776487 107.121057589
99.2591526406 65.1063170717 141.364048772 93.0142834229 124.758178604 115.64202548 125.900847863 58.9268509362 99.6485775149 100.313739919 133.343302887 56.3322392447 94.7069165301 90.5194871588 124.089509714 98.1305667265 133.308290854 88.4601104199 60.9915452195 56.600636247 113.127446665 0.0 108.474125651 55.89185859 51.0104587939 141.61950384 99.8532449498 109.35035252 80.4459081547 124.691313435 145.429408078 53.650379208 88.1383587338 142.777614991 83.3105192652 118.831914624 54.731657096 51.8504415186 127.322685021 79.2007755268 77.0099907869 60.0789115582 87.6719133236 118.574318638 69.6762615308 105.247740184 98.2052522983 50.0864804389 60.5552813301 82.9840952774 89.1741970344 108.505553167 130.346866261 111.5264883 142.633531507 132.852180932 140.8268106 76.463090696 121.248512547 101.286092273 120.931396513 67.4690225637 116.010759452 105.089807763 96.6485054097 67.1461092667 63.7098890624 144.900735866 101.08675106 125.862502176 112.486299196 73.4825358974 142.80693564 128.194249409 139.251707104 59.3232527973 131.906266036 138.365602296 50.5369253323 117.239994795 148.048656396 87.9085756039 125.903624073 110.182677297 112.550420186 100.378207215 127.933010386 87.054478249 89.5507675812 51.4817685178 107.002636873 86.0287770825 93.0430948942 112.648478845 101.832026737 109.811925502 147.095875925 54.4327463486 139.406886824 90.1016731915
86.69948143 98.9434196521 61.1993141532 63.6399618652 96.3097557719 121.349549304 85.3478192452 138.64164752 84.4014629186 81.0283230356 86.7513957496 97.5533638664 66.215705105 65.6969510985 75.3610776841 122.774027767 89.7182627523 75.0792101679 62.0771024868 130.072141678 126.561645729 108.474125651 0.0 109.350871892 66.7277958246 120.60276321 130.03203957 144.610389002 117.723325957 113.958416683 125.293659801 74.824102289 56.3151785333 83.0962396636 133.945934967 76.0700477367 97.6364141875 119.11524863 119.805133992 149.41462356 90.6284067637 137.800195779 112.770257286 93.5301905451 60.1861299399 99.5181838443 77.6718765237 50.4994629684 52.9460428177 137.722720694 121.211073875 85.5672323911 131.280435368 70.1928601746 94.800371098 126.089561829 123.11437865 130.631354644 55.8589036784 147.07905208 81.5178897025 126.388045148 59.1734381868 76.1233297604 96.3676736335 145.988849999 73.5531571734 53.0434480221 144.338310223 104.995761531 136.12900851 73.2442469833 88.4449837114 135.285600581 137.842413373 119.980061868 115.651427592 107.169921579 79.0451209752 85.0176337835 119.139625007 79.3844161806 73.735060021 127.306111128 71.3954926526 135.873689636 95.3091337623 71.5431565761 55.816498209 137.339584814 135.675124982 141.831426537 107.222878254 118.690703827 121.778242862 62.4607417863 108.068799483 77.7275196548 92.8220797163 145.409112373
105.693794772 106.008899138 60.8671338271 92.9102850645 64.5980842656 104.203122243 108.843295014 137.532695386 88.49574405 56.2198148096 117.716953033 63.2770074527 126.549132748 58.3574960932 65.2482427049 87.2422764569 75.0991756026 67.1012635615 125.212147821 134.13566078 127.847307729 55.89185859 109.350871892 0.0 58.7064402208 144.582997132 97.7015910665 87.6032025244 119.628087052 56.972331273 99.994252998 68.1000416536 138.076664897 137.612098746 52.0826728034 127.28296931 62.8857904984 95.0045538893 103.562461459 145.682562671 125.364311093 125.17078705 117.648984059 89.8972680035 67.6929570562 143.036568264 106.640637991 96.683780302 66.3191773893 111.854708248 101.475805667 122.73555794 82.3992078449 121.936811964 146.752002807 69.0902143731 98.3681916385 111.508836423 125.43308917 83.9558356627 76.0905835848 75.5247303414 102.693583022 118.44553855 54.2673826903 62.911494275 80.0354832055 56.1092774271 101.625872332 105.727833757 86.7876928361 110.190264555 114.178772786 69.9648696504 135.101224019 73.5026580645 79.4098940441 71.0235256796 89.5630484175 76.1828697485 98.7453853697 84.6616110626 149.873648194 127.355560861 101.682136669 95.1779237846 59.8614719161 138.41428203 82.4448094404 142.583266759 104.847523332 69.7077637832 71.6901470107 121.335673243 136.951517387 98.7534422866 51.2334250813 123.432625514 91.5411017481 50.1083554149
55.4357064461 75.6969037173 76.2957115278 62.8587384567 130.094038038 116.348249332 137.134358888 90.9318730489 50.5952940695 104.095973255 64.7327572193 71.6007090766 101.260741483 142.036054411 135.610651406 123.553018668 52.8712886007 51.7268991037 146.249478358 147.274969657 55.0420988896 51.0104587939 66.7277958246 58.7064402208 0.0 85.6456267912 104.497735889 144.310247072 117.708906047 66.7776405144 129.263526711 106.729431787 87.2328785735 120.522188771 117.784250917 129.548096077 74.602329483 62.0107944065 132.197099802 55.6668035727 148.857238009 99.7302804985 92.2585876131 94.4269302726 139.548927939 78.452647217 111.952898327 98.6427374537 77.2534171393 82.4798894833 58.9449821231 86.944641663 96.097544917 148.854095649 133.827351738 86.5704304858 56.8434279618 79.8456786969 139.994422101 100.103846231 59.5544487379 69.51096913 59.2601007624 139.507398629 82.6935869271 64.6396005703 93.109130372 128.065114984 52.7606099664 57.9465707211 80.9295082981 50.3294295652 88.3326936478 136.144295624 115.07771885 124.686386384 62.0024271136 131.529648983 65.9913753906 51.8210971451 62.9145245882 91.9449934865 122.461705336 124.436056945 105.961382773 136.837117666 70.7080872926 145.559539786 73.3017599207 63.2266182877 72.3113982964 80.3194584514 102.007255889 109.703900024 87.8746243139 123.871915019 93.4015741852 64.7795985542 135.229449928 75.6343708771
87.6445586288 84.7025766973 88.7278209505 65.6368693188 51.8424693294 147.422834997 106.568562157 103.616225549 107.642960513 90.0855209941 94.7523824555 81.0141656213 79.1825740066 79.9821267913 144.946552579 97.4161471481 101.590864805 82.2568621734 100.242602719 62.2445932241 57.47106145 141.61950384 120.60276321 144.582997132 85.6456267912 0.0 58.6351673295 149.665138017 84.7337144367 79.8435606798 121.471590601 89.356800294 147.82693623 57.7537859299 145.029793377 88.1754166286 74.2447530808 63.9325569082 135.597376426 56.4246263386 114.554614374 105.7603389 83.4238375713 80.7392718723 85.5772417194 77.7418746985 86.6466568593 121.690618722 109.579684403 118.474169333 62.6176506083 126.058909666 113.459732826 96.3645912037 74.6299728038 118.095313594 148.766223978 128.090282853 58.8165836388 53.0744893339 124.362860197 123.715909131 141.868176021 147.874684785 133.688176006 66.2315516589 95.4775895112 137.62507988 89.4153721959 60.8050215871 99.1715818225 133.524268637 137.36835076 144.908200151 127.949467841 86.3469901437 97.511951099 117.916120207 121.366480355 132.985389613 60.1630883403 81.4245282696 106.684219673 85.8973707895 53.8067825838 87.5026019801 50.3915643424 110.74868131 61.077427242 129.143243711 68.5563303475 119.582395031 62.9607163298 93.0590868528 93.5205554603 146.950803958 147.143701269 86.4371286229 67.5699565617 143.818069417
