euclidean
100
79.1215711483 -39.4834916788
54.576851873 86.2101979164
-62.977719323 64.6243600687
5.4774624002 53.4175253821
91.4550952789 19.9423943237
42.6334661506 -61.7540582721
15.4157183105 8.97610546805
50.3522745911 -14.3603201053
-82.4891907974 69.8477026421
7.52566025402 -15.7269541305
-65.3164202156 -6.41312171763
-57.4354265939 -78.3784063335
-70.1840411595 42.7158619561
-81.6869320181 -46.9142908141
80.0067191511 -29.1456633142
69.6975328116 -95.4459547719
38.226985733 -32.9592286213
95.1630048771 -0.388894142342
-21.2585752662 -34.8927725991
96.4383582833 79.7784936459
84.2360808884 -29.2855065036
59.3675798066 -42.5454892904
-68.2547614919 75.3362657601
97.4136055002 53.5656612195
-39.9178759943 -62.5948513575
74.7172668471 -72.2965791943
12.2539209943 61.6297645338
29.5902654522 35.5409284973
-1.24302290918 -96.0179330927
9.95199588521 93.9035299689
93.4988624855 48.6531180969
-79.1972684476 -67.7648500567
39.5153120837 -37.7606116399
25.9119947413 56.9955135302
-57.7851368208 22.5365342625
-95.8672603507 28.7347891135
-63.2657435291 44.3427561952
60.2326927692 77.2013669348
84.3978271566 -28.0383658254
-7.95659740481 -12.6415505378
59.6533196811 -48.2832699796
-57.1201779049 -73.9169691331
17.0547279555 -93.1121591459
-92.5656777705 62.1637242745
37.4552460613 -80.3811180055
16.7553119414 -14.5566476236
82.4641463943 -52.63684704
22.4596871122 10.7729179574
61.381813368 -64.4763088139
-75.2833289449 27.7940746689
-95.2463675999 -31.791286927
-95.1500184327 -98.2888807292
-1.03690321984 -98.8121976691
-1.2656588951 68.770974342
51.338381786 -14.2623810582
65.6496326773 -72.6183119613
-17.6218261273 -5.31071209877
80.8038929404 -48.4051302545
-7.50032689438 -96.6470439947
-69.764903761 64.0808551906
-76.2453543076 1.88267841321
-5.58847567081 -82.4875716148
-83.1955411866 32.7810902641
1.35253006297 38.6466764358
44.6124739363 72.0631317612
-66.1178016346 69.4514202262
53.2462842919 27.1421538782
82.288678237 -81.0954043207
48.4342992119 24.2637161198
98.1908155622 93.8008064095
37.4491172142 71.7151425501
-11.3246270969 30.6802763307
-61.7542485274 22.9844907296
-78.5187187976 -76.9774354635
-17.0332841803 99.3728250315
-30.6016587009 -52.9967961841
-84.4675408618 -63.9729958334
70.9420754268 -61.6382265997
91.3749626033 3.71953621211
-74.1334556794 14.379876467
-43.0241550674 89.1672449677
11.8024467366 -3.70363037215
17.715447903 -5.71207771827
-69.3528232769 89.593374732
-37.46463222 59.8926065618
26.4151306519 45.3853183495
87.7838567122 -1.4267120506
76.4173045748 -58.711808265
65.0524492015 -62.0799508392
28.0855614549 91.6325966472
-83.1496959857 -7.42118111137
-66.1693155239 25.92158377
47.4004623702 -57.5547401552
52.5723605105 -84.0616587622
-75.2572891288 29.1456487532
99.5843937614 -27.868770996
-22.8314808416 27.8619529304
92.6814071248 -68.2876734594
6.80824700662 -82.5961467709
-68.8214216766 67.646446823
0.0 128.0677432 176.155196199 118.549794282 60.6922708807 42.7476308433 80.042290331 38.1948448656 195.118805932 75.434392243 148.175513222 141.988126329 170.43737737 160.980096491 10.3756533424 56.7504165097 41.4117510465 42.2577229937 100.485066034 120.512622825 11.4086419663 19.989897531 186.824409863 94.830076325 121.262215559 33.1073497683 121.223649586 89.9000215056 98.2578803151 150.254875748 89.3015592749 160.825029777 39.6437141641 110.179206149 150.299468744 187.815933785 165.230103836 118.203832239 12.6027688729 91.1213325341 21.3646650649 140.525722039 82.0263798923 199.52109651 58.3840601998 67.1632179248 13.5714246317 75.738205762 30.6486527348 168.425485323 174.537526272 183.925693465 99.7260064754 134.837443492 37.5234597563 35.7688333795 102.601480402 9.07886785282 103.783548474 181.363602615 160.779481134 95.0007522246 177.676714175 110.237683761 116.762695204 181.55244542 71.473821192 41.7322637899 70.7489587274 134.641524796 118.750703877 114.470385333 154.10465728 162.037825321 168.898883636 110.552234565 165.412010997 23.6164440523 44.9070954426 162.44496199 177.399522188 76.2368873098 70.0800996925 196.737091679 153.192531533 99.9033722425 39.0301635515 19.4175491873 26.6184176642 140.698624383 165.408451707 159.33381827 36.5075165358 51.8851960198 168.946119863 23.5293188561 122.187698725 31.8363006608 84.1897729984 182.658021585
128.0677432 0.0 119.519979939 59.0432842798 75.8381607748 148.445496974 86.5950311405 100.659207966 138.03923828 112.271980477 151.504046257 199.08832004 132.125083504 190.499208135 118.12558093 182.284373443 120.285786127 95.6380602118 142.887863295 42.352715837 119.243144898 128.844782829 123.3119931 53.8577128875 176.273073055 159.781208862 48.9431117058 56.4951711603 190.585807845 45.2831660775 54.0874953635 203.97017102 124.882391084 40.9288628986 129.149339705 161.049227008 125.059025933 10.6370847462 118.076351925 116.970511032 134.589239659 195.235591244 183.205942932 149.094456384 167.468850615 107.630971578 141.619924759 81.9896059259 150.84008357 142.394206404 190.712735596 237.609018584 193.199835983 58.502243784 100.524757221 159.21401328 116.570691321 137.146433646 193.107086983 126.295605639 155.645687944 179.105566868 147.769759538 71.3800883145 17.3039968928 121.852599541 59.0830283295 169.585110963 62.2502816072 44.2695738174 22.4380463637 86.1775906007 132.402473427 210.581657844 72.8097956195 163.199160139 204.666398893 148.751393855 90.3261325516 147.397212829 97.6457919372 99.5698059267 99.0377092854 123.975845503 95.7300914486 49.5959003728 93.7173044798 146.558497706 148.659699843 27.040541341 166.539596264 134.960564376 143.943940425 170.283655007 141.821249962 122.63641374 96.9358946243 159.127462717 175.434949818 124.786805271
176.155196199 119.519979939 0.0 69.3664547779 160.766825834 164.697380427 96.1366699241 138.138579777 20.1985352622 106.897428525 71.0759687968 143.110126152 23.0632470386 113.096884486 170.989376661 207.906777721 140.587869701 170.983074816 107.908047315 160.134735657 174.616625819 162.646084585 11.9411933069 160.772111695 129.292243117 194.183554466 75.2912166673 97.0292625826 172.096249504 78.5876144847 157.289545821 133.379071565 144.870645469 89.2164814703 42.4069333262 48.6804191884 20.2836489229 123.850663097 174.085991597 94.8543346347 166.692845228 138.665102634 176.878495333 29.690099589 176.389821723 112.369872536 186.824856472 100.992713776 179.254779789 38.8316617053 101.672231446 166.059570207 174.780356747 61.851215123 138.893084415 188.097173579 83.3550920259 182.890179364 170.54678783 6.80891108386 64.1291568247 157.909612534 37.7194134732 69.377381278 107.847044512 5.75852643371 122.118527657 205.758538082 118.497339438 163.788160922 100.676852817 61.8081123909 41.6578395907 142.452066193 57.6050947213 121.99567902 130.380567474 184.056383258 165.934167629 51.4680346046 31.630648518 101.295545379 107.044858436 25.7700144292 25.9481618766 91.4397197771 164.595859416 186.125718553 180.12691763 94.9840299688 74.8162325061 38.8341496564 164.654412408 188.306540368 37.5436651277 187.033205353 54.4352371429 204.683590703 162.923168183 6.57889546563
118.549794282 59.0432842798 69.3664547779 0.0 92.2644988867 121.016785183 45.539090181 81.2870537545 89.4878919161 69.1748087205 92.6902376099 146.041772169 76.4145844784 132.906376805 111.226301923 162.125115782 92.3768093771 104.587892757 92.2687619925 94.7036706135 114.2046911 110.059279205 76.9212065677 91.9362624448 124.577719937 143.520683559 10.6471246336 30.0166618265 149.586500635 40.7325179349 88.1502492893 147.834292913 97.3243437269 20.7454118105 70.3973868316 104.307191982 69.3395976138 59.6976245069 113.417309903 67.411241453 115.230531064 141.889175293 146.986331084 98.43248107 137.566913247 68.9033967674 131.051438078 45.901617603 130.477019427 84.7281927409 131.931162448 182.045938032 152.369043902 16.7689617976 81.7544718206 139.662888309 63.1077095772 126.656718491 150.624692522 75.99421207 96.6150051636 136.354869275 91.0426494534 15.3360048703 43.3498300479 73.3687100615 54.5183959099 154.898970738 51.915647192 101.126530847 36.8373384702 28.2717651711 73.7988655225 155.107073564 51.1724855512 112.364188307 147.887247872 132.376136909 99.2384535786 88.6669967366 60.2532102665 57.4702693708 60.3827645274 83.1159655584 43.427527752 22.4254833088 98.9051713725 132.68552548 129.957093173 44.4017771566 107.499401912 76.7416939612 118.627069613 145.321903033 84.3043539773 124.352629683 38.1376919963 149.722020426 136.020182327 75.6491003279
60.6922708807 75.8381607748 160.766825834 92.2644988867 0.0 95.1727998825 76.8260785216 53.5361381284 180.961748602 91.1945858193 158.971448054 178.424682557 163.235539196 185.601664767 50.4053838258 117.42172981 75.0454086273 20.6666369852 125.344593259 60.0432485153 49.7544006961 70.2448876984 169.043542741 34.147150991 155.149136336 93.7453099427 89.5023063563 63.8010300689 148.457868266 110.059096838 28.7833744369 191.871806064 77.6361898576 75.2916440983 149.262776469 187.528587487 156.633060434 65.2183130951 48.4969934927 104.615477368 75.2734627927 175.73898802 135.339376081 188.802239437 113.933273637 82.2814774172 73.1340101373 69.6020520166 89.6153989241 166.923188913 193.736444731 220.907453165 150.523828365 104.792024893 52.7192314094 96.0906147762 111.962021094 69.1724817194 152.922440161 167.152899521 168.670074792 141.100505261 175.121891639 92.0234884572 70.0771178437 165.167676885 38.881226507 101.452747406 43.2372838683 74.1649173368 74.8135223448 103.339118642 153.239542482 195.664383263 134.457881138 142.189931796 194.911689264 84.1200433529 16.2230560177 165.681953795 151.250615603 83.0883800764 78.0748841234 175.243960644 134.967831709 69.8393827412 21.6821747029 80.0788282515 86.1670750688 95.6827201028 176.735956707 157.737774764 89.1437969416 111.034724845 166.966221156 48.4973506807 114.560642849 88.2385896406 132.963308218 167.225113282
42.7476308433 148.445496974 164.697380427 121.016785183 95.1727998825 0.0 75.7862907141 48.0181884411 181.589379528 57.8882747241 121.308685696 101.440387635 153.758753208 125.202955632 49.5990671441 43.2158257353 29.130040925 80.7776937495 69.3088856094 151.414760409 52.7729514711 25.4754721679 176.32344136 127.66950055 82.5556238117 33.771511878 127.068817946 98.1653683073 55.6700943949 159.051448518 121.560820736 121.978922403 24.1952137018 119.921092429 131.106063218 165.440873857 149.90389138 140.065495294 53.6750385878 70.5081055375 21.7057032003 100.492417142 40.4672996142 183.396906594 19.3334248804 53.8263359072 40.8608202234 75.2804333256 18.9449510793 148.064981271 141.09789588 142.545017015 57.2748361545 137.709539679 48.2828640494 25.4514425879 82.56241018 40.4373015981 61.0812381809 168.724091359 134.839935514 52.4903252853 157.384349273 108.556083266 133.831822898 170.416301547 89.5274731218 44.1205565761 86.2131496672 165.178494362 133.569850797 107.030752779 134.452283962 122.104885778 171.819654342 73.7568515549 127.120374714 28.3088462522 81.6242920406 139.394727492 173.535206354 65.7297796853 61.3319754923 188.273669154 145.648949285 108.359957684 75.3521497371 33.9205398509 22.4213515873 154.075005885 137.016296175 139.732113373 6.35283602844 24.4215204425 148.865667357 66.2693054854 110.980578249 50.4726116143 41.4468211049 170.782559822
80.042290331 86.5950311405 96.1366699241 45.539090181 76.8260785216 75.7862907141 0.0 42.0137087543 115.285396169 25.9324925463 82.1858047619 113.745769354 92.0091842655 112.038658941 75.0017776102 117.688070977 47.7380997381 80.2952858669 57.1793867773 107.599471931 78.7413059076 67.721790108 106.791479362 93.3374629272 90.4666154977 100.607767747 52.7485049578 30.1099254274 106.307392934 85.1029946306 87.5856308729 121.822787352 52.5843241476 49.1531827001 74.4462921914 113.023479504 86.2645490388 81.6287173845 78.2853908848 31.8368998661 72.3574560891 110.148618042 102.101420776 120.36986622 92.0350703286 23.5708502004 91.0584846418 7.26952760512 86.6495185139 92.6306274289 117.932512653 154.047263544 109.036723394 62.0781337439 42.7839339846 95.8180312272 35.9943398143 86.9955147952 108.080501619 101.450834489 91.9351344203 93.8444478396 101.443865269 32.8346774803 69.5156343968 101.51344034 41.9661415586 112.1823054 36.3859550401 118.519815283 66.4955445216 34.4400508905 78.4311076002 127.325133707 96.0442849444 77.189633541 123.686041426 89.8307309777 76.1409109078 89.712068883 99.2261943978 13.1845148733 14.8671275475 116.982262529 73.4085932017 38.0344298564 73.1120104228 91.1199604494 86.6762262185 83.6218898337 99.9200275348 83.326268251 73.8198975338 100.183040643 92.8892068779 91.8798718372 42.6558727182 109.268834542 91.9758987037 102.655271213
38.1948448656 100.659207966 138.138579777 81.2870537545 53.5361381284 48.0181884411 42.0137087543 0.0 157.282694603 42.8484140212 115.941385711 125.365481258 133.366764876 135.993062657 33.1359692173 83.3613769374 22.2022978062 46.9382817347 74.4962779117 104.81432805 37.0253091577 29.5918821659 148.704762951 82.6359958243 102.348766929 62.8511174511 85.0057498658 54.0480863267 96.5921346846 115.55623632 76.369636905 140.125400698 25.7878537356 75.4253423788 114.258818518 152.437990138 127.887079913 92.093241864 36.6904426822 58.3341985653 35.1749338015 122.871162153 85.5019225762 162.115608365 67.2687081805 33.5975362754 49.9626342869 37.545653434 51.3153295797 132.519047214 146.638341549 167.972975694 98.8583189222 97.8530693125 0.990958857278 60.2329044585 68.5738563415 45.6765821641 100.588410998 143.461334572 127.635397299 88.1515169359 141.623909248 72.1852938356 86.6138461453 143.491067574 41.6032527443 73.9831422897 38.6716278928 118.268149944 87.0372146937 76.3720860599 118.163054387 143.278177238 132.196981182 89.701263086 143.658623938 51.5668531224 44.8301476264 127.76030659 139.417051847 39.9956780625 33.7632130084 158.542363821 115.001331473 64.3624748929 39.6030498498 51.4435641264 49.9325373975 108.306532193 133.682189531 123.287926184 43.2951627648 69.7366861276 132.930552636 51.0517365373 84.4901319654 68.5559253518 80.9457248964 144.663332272
195.118805932 138.03923828 20.1985352622 89.4878919161 180.961748602 181.589379528 115.285396169 157.282694603 0.0 124.200222591 78.1704380279 150.32854181 29.7918359055 116.764749539 190.275083112 224.683760037 158.561219697 191.032673006 121.324999205 179.202925283 193.970898266 180.985007553 15.2559268075 180.638093957 139.11630729 211.940716201 95.0988524575 117.212453542 184.69528666 95.5199237001 177.259711476 137.651921211 162.679586998 109.160413114 53.3726234723 43.2347592081 31.9381154443 142.911204695 193.475991176 111.173667602 184.822671709 145.985847485 190.957870523 12.6719814264 192.237786313 130.282637629 205.455757674 120.432957117 196.829382698 42.6665216621 102.436466947 168.612595094 187.298257132 81.2306683373 158.064307684 205.527799427 99.2802211199 201.614393545 182.602930883 13.9701113136 68.2512271871 170.645116455 37.0733419596 89.4591425913 127.120971143 16.376184625 142.29505646 223.462676219 138.632103293 182.260845708 119.952845154 81.2310433919 51.2454725971 146.878813406 71.8067445522 133.353240976 133.835321233 202.06361138 186.015263441 56.0936542753 43.9401156217 119.585582313 125.5000001 23.7161488846 46.1119812311 111.617917359 184.588604464 204.398684233 197.922816488 112.700299212 77.2717067471 46.8598148535 181.941486283 204.76746365 41.3395403036 206.638088005 72.9509803637 223.083214311 176.672464244 13.8438954027
75.434392243 112.271980477 106.897428525 69.1748087205 91.1945858193 57.8882747241 25.9324925463 42.8484140212 124.200222591 0.0 73.4351153152 90.2504696254 97.2335356033 94.5068071057 73.7127238338 101.096294693 35.2068554445 88.9694343962 34.5812205114 130.486621635 77.8994414381 58.3679573998 118.470174883 113.495855619 66.6894963411 87.8341304756 77.5010862643 55.8143582932 80.7683793766 109.657330573 107.406634813 101.137574496 38.8435308311 75.0107632179 75.6940866815 112.547512827 92.8428400481 106.834938726 77.8517880477 15.7867038214 61.4589828993 86.9779410959 77.9696933849 126.827574801 71.2456385541 9.30355241775 83.5351237479 30.4182244531 72.6428579441 93.5489638633 104.019962014 131.752672525 83.5252966898 84.9540299723 43.8371935954 81.3327902269 27.2193712154 80.2344226653 82.3033488591 111.099584672 85.6018810483 68.036465281 102.875491551 54.722931549 95.3023133506 112.599799898 62.6748425118 99.3103375192 57.2081327125 142.184741502 92.4204173781 50.0895635067 79.3617144719 105.618448341 117.690700206 53.3172915422 103.8769926 78.2910381405 86.0748017198 87.0323644608 116.43915507 12.7613172054 14.2873903105 130.394297811 87.9911607845 63.9650055858 81.522236367 81.2019478965 73.8778163624 109.310487514 91.0549619441 84.6495727347 57.7889567956 81.8464236305 94.1624511049 92.8559859771 53.1182533059 100.070627266 66.8730409518 113.048666095
148.175513222 151.504046257 71.0759687968 92.6902376099 158.971448054 121.308685696 82.1858047619 115.941385711 78.1704380279 73.4351153152 0.0 72.3955264523 49.369532816 43.6845322152 147.090391538 161.726970149 106.892154563 160.592456846 52.4612639565 183.285577518 151.291429276 129.813896975 81.8021772475 173.431587873 61.6560848083 154.758080505 103.184263359 103.766185792 110.156354624 125.41437345 168.091001504 62.9024047063 109.418267311 111.100309268 29.9132547701 46.56961959 50.7972875021 150.844166224 151.267997438 57.6969895094 131.797364182 67.9996162041 119.589837118 73.792315613 126.622588286 82.4747611905 154.840978588 89.4427469241 139.369207822 35.6296443182 39.2409609951 96.5981297776 112.558631574 98.7681544124 116.918577233 146.748881514 47.7073328977 152.034452338 107.167445507 70.6341970025 13.7208563945 96.7199528882 43.07956847 80.4682194464 135.066221275 75.8687744499 123.219606477 165.42281712 117.814661863 191.774470518 129.092142909 65.5059837186 29.612644001 71.7887391049 116.283824133 58.0960703819 60.662216661 147.024453218 157.018661969 22.5851475061 98.145563227 77.1664498558 83.0348275481 96.0913102742 71.9178120998 105.345886573 153.181458006 151.074820396 141.756262569 135.413784637 17.8617442719 32.3459519783 123.776252796 141.163238579 36.9221753442 166.290779468 54.5870938568 169.681388483 104.908631333 74.1424623793
141.988126329 199.08832004 143.110126152 146.041772169 178.424682557 101.440387635 113.745769354 125.365481258 150.32854181 90.2504696254 72.3955264523 0.0 121.763496114 39.7256350578 145.993857447 128.273499122 105.897114391 171.37282544 56.5664645639 220.659798521 149.93641601 122.175857877 154.094965604 203.439081061 23.5793381309 132.292565948 156.39339205 143.356499415 58.896002718 184.99224385 197.276881106 24.2120907339 105.115417403 158.974497397 100.915546536 113.799132179 122.859579716 195.066276339 150.501799151 82.2769028818 120.894548001 4.47256119335 75.9333036074 144.866231481 94.9118043818 97.8646134679 142.248087499 119.712939221 119.627776154 107.662172282 60.0002246191 42.6475958083 59.9861089514 157.505501607 126.264033226 123.219765066 83.2106406831 141.451428923 53.1719597533 142.991808161 82.435763509 52.0095333505 114.10528992 130.961421209 181.78677176 148.084574676 152.921645793 139.750518957 147.457804622 232.088794534 177.57012719 118.40608977 101.454862495 21.1297877302 182.285033295 36.9361236882 30.6308839811 129.464345063 169.954711918 94.2492610232 168.164294715 101.834204805 104.537310335 168.394012892 139.705782396 149.493730631 164.347812571 135.289795332 123.567468892 190.309170907 75.4728524807 104.665031178 106.883996407 110.154494152 108.991014338 164.943769953 111.733822087 150.455596957 64.3819767644 146.468080562
170.43737737 132.125083504 23.0632470386 76.4145844784 163.235539196 153.758753208 92.0091842655 133.366764876 29.7918359055 97.2335356033 49.369532816 121.763496114 0.0 90.3652631475 166.497277146 196.610127761 132.210703371 170.87324434 91.7431271017 170.694647438 170.381252353 155.090684799 32.6774060227 167.948472187 109.573660578 184.997974804 84.5798635303 100.031954545 154.919107556 95.0892306722 163.790549044 110.847760433 136.05297095 97.1512046499 23.6841317123 29.2420612449 7.10701252062 134.899127285 170.00504334 83.286840943 158.551513027 117.362182201 161.430648122 29.6505818854 163.520893555 104.108556186 179.982244336 97.9959798124 169.704848345 15.7690352198 78.6093851985 143.197896217 157.516724022 73.6791170916 134.21706097 178.193037522 71.199285562 176.35303078 152.811215521 21.3691041476 41.2806055591 140.884657996 16.3706695504 71.6522106642 118.488405016 27.0430098156 124.408945114 196.410691708 120.044959738 175.953868744 111.471319435 60.0773330395 21.4566636339 119.983133392 77.6853553277 103.574504244 107.640748512 175.517396805 166.198751856 28.609892497 53.8088319538 94.2154629854 100.357289315 46.8848816488 36.9540292337 96.6360491333 164.019582971 178.268131918 171.087903443 109.771406709 51.7864006533 17.2674781517 154.532550351 176.470036863 14.4875302011 183.857313982 49.6276493701 197.09626866 147.07451162 24.9677951301
160.980096491 190.499208135 113.096884486 132.906376805 185.601664767 125.202955632 112.038658941 135.993062657 116.764749539 94.5068071057 43.6845322152 39.7256350578 90.3652631475 0.0 162.667024783 158.973515399 120.72320171 182.867473093 61.6125247001 218.585636946 166.856885528 141.122151815 122.986266663 205.361202032 44.6154011533 158.450414913 143.550325029 138.497212494 94.2464333423 168.009975172 199.557491069 20.9986724681 121.547413867 149.582005865 73.4487094338 76.9666486572 93.097737965 188.536140828 167.153964279 81.306721544 141.346881304 36.5057535747 109.014487353 109.619161121 123.753331752 103.623802616 164.25079663 119.056005023 144.142604328 74.9823046156 20.3116601948 53.1093511987 95.9052651374 140.892376461 136.974016964 149.56189354 76.3884517105 162.497663977 89.314047712 111.633584527 49.0994396481 84.0025795161 79.7096585542 119.231838782 173.514169528 117.402625724 153.919881316 167.500296355 148.316699963 228.378507441 168.125966724 104.746220954 72.6852910322 30.2296252245 159.937532934 51.4461079331 17.283842237 153.337562908 180.316953749 61.757833086 141.467291988 102.992354647 107.603231819 137.063755206 115.599849163 142.145256007 175.469279518 158.543782743 147.520992556 176.763232457 39.520189681 74.4705381215 129.525188871 139.30356986 76.3312171701 182.269101537 95.1601322074 175.6733878 95.4179833948 115.280891584
10.3756533424 118.12558093 170.989376661 111.226301923 50.4053838258 49.5990671441 75.0017776102 33.1359692173 190.275083112 73.7127238338 147.090391538 145.993857447 166.497277146 162.667024783 0.0 67.0970041832 41.9534194654 32.5063804539 101.428246157 110.156573721 4.23167305244 24.607507169 181.377893211 84.5231500743 124.502034929 43.473898456 113.272326537 82.0132548053 105.230323815 141.59367295 78.9600425583 163.821095259 41.3977219296 101.717951007 147.165366573 185.15345916 161.020329041 108.169787659 4.52856900628 89.4982167311 27.9375886373 144.250669742 89.7477898585 195.239945813 66.6010486369 64.9120935792 23.619370472 70.0368048045 39.9392241644 165.399917773 175.273054803 188.310029567 106.871393441 127.251197885 32.30148074 45.7820610328 100.495958887 19.2759578977 110.516602831 176.416333661 159.303071064 100.855820644 174.556296329 103.837771499 107.219274363 176.277509789 62.3252696596 51.999835845 62.0433679965 124.283932106 109.471693338 109.181307291 151.042129612 165.584398129 161.039635162 113.150739239 168.12116255 33.7332837819 34.7758292366 160.167618794 170.688430414 72.795053512 66.5532524193 190.806792517 147.401939931 91.7982874875 28.7893057888 29.7832305879 36.1703951389 131.465564677 164.596381878 156.204464772 43.2463134639 61.3873813586 165.845679261 19.6192710655 117.582157182 41.1429784221 90.6364744793 177.534582792
56.7504165097 182.284373443 207.906777721 162.125115782 117.42172981 43.2158257353 117.688070977 83.3613769374 224.683760037 101.096294693 161.726970149 128.273499122 196.610127761 158.973515399 67.0970041832 0.0 69.9641785377 98.4090191144 109.268941003 177.253149676 67.7390160487 53.8996027559 219.539067943 151.567286661 114.432219428 23.6873662407 167.249963032 136.98962181 70.9428615519 198.55164707 146.051518636 151.44604782 65.1042645326 158.605090089 173.70002526 206.96028094 192.925157948 172.906566936 68.9918959111 113.519748503 48.2203800714 128.632145959 52.6945111482 226.208223629 35.5881210755 96.6744990243 44.6722075476 116.24914189 32.0666518463 190.282829315 176.800472345 164.872063671 70.8144902681 178.893751665 83.2335933822 23.18376095 125.495148979 48.3341536244 77.2072027631 211.892836858 175.420036308 76.3930806243 199.545651808 150.505392411 169.376959029 213.628063119 123.687056559 19.091234674 121.583429825 191.379737119 170.243333985 149.908027031 176.933154719 149.362456617 213.252412836 108.912161318 157.344898503 33.8306276987 101.507170015 180.967031411 216.305830796 108.482694832 103.702969304 231.461778684 188.716184392 147.332324443 95.7430577856 37.3437123508 33.6877874041 191.650568904 176.382074285 182.180898802 43.9647983664 20.5638936484 191.141225466 73.8911376588 154.163739153 35.5785148972 64.188626989 213.978111522
41.4117510465 120.285786127 140.587869701 92.3768093771 75.0454086273 29.130040925 47.7380997381 22.2022978062 158.561219697 35.2068554445 106.892154563 105.897114391 132.210703371 120.72320171 41.9534194654 69.9641785377 0.0 65.5937265601 59.5169770713 126.879304523 46.1555313177 23.2125205741 151.875859159 104.83135276 83.5756516537 53.6560133246 98.0901509736 69.0424830266 74.3927536245 129.975515264 98.5675174517 122.474024811 4.97122355941 90.7938028649 110.896832125 147.60561865 127.578881284 112.337028425 46.4323323603 50.4552414933 26.3422480059 103.771952481 63.7702089545 161.725375232 47.4281685804 28.2787510826 48.4162684436 46.4877225747 39.1084695005 128.746088869 133.478463198 148.517300961 76.6698539722 109.127004791 22.8359544415 48.2166408702 62.3179769577 45.2920401904 78.4036028966 145.186177244 119.657323721 66.1275390266 138.076861098 80.5427285359 105.216304059 146.204567809 61.9496207216 65.2573686052 58.1261959301 140.227555669 104.677261426 80.6557432833 114.56852508 124.768433748 143.406659033 71.6860265913 126.553548401 43.5058848746 64.5758409555 121.925631698 146.685457468 39.4226621385 34.1046978653 163.072241339 119.794341791 79.2299688282 58.7382589334 46.0618693883 39.5932058918 125.00388558 124.034232112 119.856321419 26.2505592555 53.0777556403 129.366519759 61.5682083449 86.182089008 64.9105771334 58.7448788112 146.904266312
42.2577229937 95.6380602118 170.983074816 104.587892757 20.6666369852 80.7776937495 80.2952858669 46.9382817347 191.032673006 88.9694343962 160.592456846 171.37282544 170.87324434 182.867473093 32.5063804539 98.4090191144 65.5937265601 0.0 121.426940798 80.1775317099 30.8935571569 55.3036252922 180.110150206 54.0014744933 148.715922113 74.7578983995 103.538544583 74.7712264885 135.790409397 127.090429609 49.0702387845 186.925183828 67.0321637869 89.9370482547 154.656746754 193.237551111 164.622564867 85.0903949808 29.6712375156 103.844980445 59.6222188414 169.105131708 121.237398506 197.875941841 98.6353958076 79.6774218346 53.7690393141 73.5551389325 72.4456045531 172.760621799 192.98144833 214.017415682 137.628372783 118.665810601 45.9681545016 78.0264566482 112.892171547 50.1172926842 140.731627943 177.080669828 171.423410421 129.965586504 181.416699395 101.607976829 88.3439428367 175.753145235 50.1494772628 81.7269176685 52.8329738505 94.2383538035 92.3573761889 110.927494866 158.648477889 189.818718256 150.13463255 136.324399731 190.55201639 65.8645135859 5.58824339534 169.93942492 164.669345131 83.4264354373 77.6302799469 187.516043114 145.684417317 82.5926675906 7.45177117534 61.2614364146 68.6471560917 113.87422089 178.451316468 163.463631594 74.4929152141 93.8887348232 172.960590405 27.833295018 121.329341135 67.9441135063 120.683866457 177.53788264
100.485066034 142.887863295 107.908047315 92.2687619925 125.344593259 69.3088856094 57.1793867773 74.4962779117 121.324999205 34.5812205114 52.4612639565 56.5664645639 91.7431271017 61.6125247001 101.428246157 109.268941003 59.5169770713 121.426940798 0.0 164.32305824 105.643570132 80.9885235981 119.829388788 148.013448718 33.4002196279 103.006829954 102.174789357 86.8706558773 64.3187964869 132.523912208 141.94782623 66.6143050999 60.8415144813 103.288526965 68.0611121391 98.055711203 89.6820562252 138.585435324 105.878507097 25.9241103656 82.0124390813 52.999457157 69.6950943299 120.43532062 74.2731605811 43.1116411153 105.229535618 63.2189984055 87.7759616785 82.7545456784 74.0527692108 97.360217231 67.0418445572 105.574093105 75.471393444 94.7430890784 29.8047688759 102.953053504 63.2683130316 110.220882331 66.1511879447 50.1080523935 91.7384295824 76.9370694046 125.612740598 113.578434426 96.9500190863 113.387463531 91.4143692784 175.585290521 121.703905972 66.3212490246 70.6376469264 71.0622465563 134.33206539 20.3727484163 69.5775302451 96.0014546657 119.068149581 72.274109643 125.95486661 45.4510040453 48.6876517787 133.45357833 96.1608256239 93.3667720462 114.062391613 100.53817167 90.4916327918 135.806895597 67.7140987002 75.6000035125 72.3023389848 88.7050530927 83.7662253424 121.046932063 62.7744343522 118.7330577 55.3476144009 113.033251207
120.512622825 42.352715837 160.134735657 94.7036706135 60.0432485153 151.414760409 107.599471931 104.81432805 179.202925283 130.486621635 183.285577518 220.659798521 170.694647438 218.585636946 110.156573721 177.253149676 126.879304523 80.1775317099 164.32305824 0.0 109.744483698 127.817836855 164.753018455 26.2309681664 197.13749515 153.618467615 86.1184988841 80.160025483 201.111998363 87.632228843 31.2638711393 229.383765006 130.597375395 74.1149926629 164.503885535 198.964596676 163.588176909 36.2972698341 108.487094053 139.426580465 133.240213028 217.261407791 190.244418017 189.823090652 170.675448532 123.484844223 133.150670471 101.166265446 148.453391252 179.417718414 221.790103643 261.560883753 203.460221246 98.3221259638 104.296183991 155.475824435 142.302138431 129.13356629 204.766258471 166.942924879 189.439759884 191.676161225 185.680084456 103.600874105 52.3970332878 162.883865293 68.0892026669 161.49496739 73.3912815742 14.131396313 59.5377879402 118.420842598 168.078730412 234.909344496 115.150994203 183.761920715 231.065867391 143.696726492 76.2273112586 182.679289596 139.778186 118.880202531 116.215035219 166.081449217 135.371560421 78.0137354245 81.6650832954 139.930005056 145.289000136 69.3730826203 199.63880513 171.294548432 145.825691639 169.610793589 179.005810862 107.693226918 130.079290146 148.113822864 185.469891621 165.704500339
11.4086419663 119.243144898 174.616625819 114.2046911 49.7544006961 52.7729514711 78.7413059076 37.0253091577 193.970898266 77.8994414381 151.291429276 149.93641601 170.381252353 166.856885528 4.23167305244 67.7390160487 46.1555313177 30.8935571569 105.643570132 109.744483698 0.0 28.1827871149 184.930182073 83.8925690867 128.544612739 44.0517899155 115.961277377 84.7857996342 108.443044703 143.852924864 78.4871220489 167.902113017 45.5167504284 104.144675538 151.180521856 189.218308387 164.857239072 109.158677419 1.25758567357 93.6830358233 31.0681052797 148.234811554 92.6670155418 199.052313915 69.2763164572 69.0694828531 23.4184725526 73.6274418834 41.9608163784 169.424085361 179.499939418 192.199995536 110.024736324 130.098504764 36.1656315358 47.150695498 104.641406663 19.4252394191 113.811885346 180.093255757 163.480111309 104.397848125 178.565423599 107.165593715 108.819008937 179.875709004 64.3773900469 51.8464838625 64.414958005 123.874836211 111.311055512 112.817303733 155.06556321 169.598481446 163.732863454 117.26010273 172.232789874 34.9775510697 33.7682761894 164.278957212 173.856900889 76.8183815427 70.5740827605 194.220853377 150.87676899 94.4404276277 28.0837878796 30.447339759 37.9932534009 133.319422824 168.807722053 160.217371363 46.4328801915 63.2694084407 169.859750924 15.4135605084 121.36430651 39.9060466908 94.0058180399 181.169541224
19.989897531 128.844782829 162.646084585 110.059279205 70.2448876984 25.4754721679 67.721790108 29.5918821659 180.985007553 58.3679573998 129.813896975 122.175857877 155.090684799 141.122151815 24.607507169 53.8996027559 23.2125205741 55.3036252922 80.9885235981 127.817836855 28.1827871149 0.0 173.734194022 103.367564175 101.289578205 33.4774587253 114.333636153 83.5713892015 80.826650356 145.121448419 97.3762314258 140.841163476 20.4207636457 105.012796433 134.016524365 170.817837734 150.294707811 119.749981195 28.9304323098 73.6667522707 5.74489116637 120.638167444 65.9345549166 184.520281171 43.7228220776 50.9821599235 25.2048981225 64.846319052 22.0231237978 151.916165978 154.987501435 164.265071926 82.5508573031 126.758608035 29.4007182248 30.7219604138 85.5207416863 22.2227566471 86.0133429649 167.464550427 142.705045407 76.2539119232 161.239998309 99.7893469869 115.554528984 168.195982998 69.955970933 44.8494448359 67.6979065563 141.765849151 116.343934053 101.781142004 137.712292772 142.12033725 161.176611076 90.5742440952 145.422419091 22.3271486496 56.2576673729 145.131057126 166.830188324 61.409542322 55.6021609307 184.471194378 140.961132117 93.9025603352 49.9823832452 23.4955949884 20.3448501601 137.776352899 146.781779947 142.99388862 19.1960806224 42.0686026972 152.523685406 42.8111922816 108.230741897 42.100726079 66.079789868 169.040477063
186.824409863 123.3119931 11.9411933069 76.9212065677 169.043542741 176.32344136 106.791479362 148.704762951 15.2559268075 118.470174883 81.8021772475 154.094965604 32.6774060227 122.986266663 181.377893211 219.539067943 151.875859159 180.110150206 119.829388788 164.753018455 184.930182073 173.734194022 0.0 167.092689977 140.811832418 205.515103573 81.667105566 105.628207244 183.991398093 80.3805959149 163.939700009 143.518876133 156.221933275 95.9362349263 53.8277315792 54.1677738039 31.3924821475 128.500990288 184.361403977 106.658167774 177.882733411 149.667989489 188.818910184 27.6502531543 188.208685516 123.723273727 197.72027411 111.344227803 190.665145085 48.0589293908 110.475605203 175.69589164 186.670639859 67.3100506472 149.433722535 199.551857537 95.2240997931 193.727684002 182.398903937 11.3562668497 73.8869343502 169.809973271 45.1017722422 78.6848206606 112.914685667 6.26083096637 130.710277127 217.104110163 127.376380129 167.466621696 105.765885364 72.354665324 52.7538151952 152.659137951 56.5808794523 133.742779012 140.249508308 195.288942251 174.958865925 61.2392067307 28.772894995 112.500941196 118.151220408 14.2993320096 34.4461706146 99.2947517712 173.898260869 197.228022476 191.452419696 97.7088953262 84.0871814622 49.4586684117 176.170798544 200.017228641 46.7183956572 197.031118476 65.7045265083 215.704163812 174.863095514 7.7106691701
94.830076325 53.8577128875 160.772111695 91.9362624448 34.147150991 127.66950055 93.3374629272 82.6359958243 180.638093957 113.495855619 173.431587873 203.439081061 167.948472187 205.361202032 84.5231500743 151.567286661 104.83135276 54.0014744933 148.013448718 26.2309681664 83.8925690867 103.367564175 167.092689977 0.0 179.869954388 127.892248984 85.5406431318 70.1776064352 179.188119072 96.3155066004 6.28158362215 214.272008819 108.132791025 71.5838265811 158.27020041 194.869354475 160.943826168 44.0575402874 82.6355112275 124.443861033 108.623404345 200.331004228 167.248115647 190.173748873 146.754027309 105.576556498 107.249517892 86.3093781556 123.418785983 174.609294827 210.721792494 245.235705338 181.415309571 99.8438719639 81.997375321 130.120502063 129.226846533 103.314688526 183.223333717 167.508875177 181.186547606 170.645570966 181.801161318 97.2126860092 55.9474388231 164.301182159 51.4679900805 135.507807882 57.0751822696 40.2426510551 62.6509658981 111.120403481 162.079035487 219.074605613 123.273625784 166.563697114 216.555044512 118.206081371 50.2105704636 175.965678261 144.880079233 103.000205166 99.3259616513 170.613709613 135.026550159 71.4681848115 55.8291427446 114.223792646 120.088101098 79.0915246029 190.584628921 165.902281687 121.856711294 144.748113831 174.389147772 81.4633603035 122.961625758 121.94518799 163.552343129 166.830311346
121.262215559 176.273073055 129.292243117 124.577719937 155.149136336 82.5556238117 90.4666154977 102.348766929 139.11630729 66.6894963411 61.6560848083 23.5793381309 109.573660578 44.6154011533 124.502034929 114.432219428 83.5756516537 148.715922113 33.4002196279 197.13749515 128.544612739 101.289578205 140.811832418 179.869954388 0.0 115.044945553 134.735487509 120.258109976 51.1160117168 164.252085159 173.7127998 39.6181720686 83.2248210006 136.511637801 86.9861588244 107.104793723 109.456725821 171.968366488 129.029239873 59.3030824819 100.594454965 20.5939200239 64.6311354958 135.41230825 79.3911285844 74.2934670665 122.786486447 96.3005189672 101.317160181 97.061182821 63.3253627307 65.7620961582 53.1359221031 136.934196052 103.265348831 106.042296512 61.4702078269 121.552843158 47.0154156958 130.144457031 74.0070099784 39.6765427653 104.735507564 109.330203357 158.991045273 134.620406858 129.353356626 123.598998204 123.897205811 208.647100272 154.999439036 97.5593323458 88.3212939073 41.193249334 163.576381967 13.3758950268 44.570976229 110.864078763 147.089793887 84.2366583907 151.793882784 78.3783624002 80.9768482984 155.008620024 122.51202289 126.727206316 141.595458269 116.39996676 104.971588033 168.554362812 70.0936812288 92.3271215032 87.4636778077 94.9487633877 98.3117158901 143.759465512 92.056386749 132.721430474 50.8269848497 133.409934805
33.1073497683 159.781208862 194.183554466 143.520683559 93.7453099427 33.771511878 100.607767747 62.8511174511 211.940716201 87.8341304756 154.758080505 132.292565948 184.997974804 158.450414913 43.473898456 23.6873662407 53.6560133246 74.7578983995 103.006829954 153.618467615 44.0517899155 33.4774587253 205.515103573 127.892248984 115.044945553 0.0 147.776639289 116.898991955 79.5780638784 178.373250821 122.399254939 153.981235038 49.3144063543 138.196960265 162.942340678 198.258463379 180.676633001 150.197998599 45.3045549422 101.949449603 28.3471607689 131.847402334 61.3046226654 214.623290369 38.1289648539 81.8137391535 21.1310011854 98.1396759562 15.4593320786 180.328360855 174.723540876 171.844389921 80.2606522876 160.229397006 62.566288207 9.07334014636 114.077230339 24.654580703 85.7477571522 198.680402237 168.203077395 80.9497906598 189.678073482 133.006731308 147.465333904 199.81744632 101.730353027 11.6079969866 100.073398158 167.747873291 148.755809893 134.191804099 166.442052362 153.307461371 194.649808531 107.072674865 159.402274279 11.3071902031 77.8198472716 172.247918892 199.83395344 93.0766738643 87.6510307968 216.713054638 173.374621295 127.208983057 72.0643728875 13.6907315172 14.0637191051 170.432657199 170.677459644 171.743519902 31.0407735903 25.0761634605 181.060467941 50.9136930724 139.812337556 18.4060224141 68.68563218 200.467966603
